# started on Sat Oct 25 15:47:08 2025

23929.91,Joules,power/energy-pkg/,300092363459,100.00,,
